
[1mRooFit v3.60 -- Developed by Wouter Verkerke and David Kirkby[0m 
                Copyright (C) 2000-2013 NIKHEF, University of California & Stanford University
                All rights reserved, please read http://roofit.sourceforge.net/license.txt


RooWorkspace(workspace) workspace contents

variables
---------
(CB_mean,CB_sigma,a,fracCB,gaus_mean0,gaus_sigma0,mll,n,signalYield)

p.d.f.s
-------
RooCrystalBall::CB[ x=mll x0=CB_mean sigmaL=CB_sigma sigmaR=CB_sigma alphaL=a nL=n ] = 0.996039
RooGaussian::gaus0[ x=mll mean=gaus_mean0 sigma=gaus_sigma0 ] = 0.999741
RooAddPdf::jpsi[ fracCB * CB + [%] * gaus0 ] = 0.9978/1
RooAddPdf::modelOS[ signalYield * jpsi ] = 0.9978/1

functions
--------
RooAddition::nllSimRef[ nll_modelOS_datasetOS ] = -908.308
RooNLLVar::nll_modelOS_datasetOS[ paramSet=(CB_mean,CB_sigma,a,fracCB,gaus_mean0,gaus_sigma0,n,signalYield) ] = -908.308

datasets
--------
RooDataHist::datasetOS(mll)

[#1] INFO:Fitting -- RooAddition::defaultErrorLevel(nllSimRef) Summation contains a RooNLLVar, using its error level
[#1] INFO:Minimization -- RooAbsMinimizerFcn::setOptimizeConst: activating const optimization
[#1] INFO:Minimization --  The following expressions will be evaluated in cache-and-track mode: (CB,gaus0)
Minuit2Minimizer: Minimize with max-calls 3500 convergence for edm < 1 strategy 2
Info in <Minuit2>: MnSeedGenerator Initial state: FCN =      -908.3084732 Edm =      -12573.48926 NCalls =     27
Info in <Minuit2>: MnSeedGenerator Negative G2 found - new state: 
  Minimum value : -2711.021517
  Edm           : 1513.34357
  Internal parameters:
      1.476474921
     0.6265880358
    -0.9829883987
    0.04844690716
     0.5730094202
    -0.1921607078
    -0.8710973555
  Internal gradient  :
     -24.31851043
     -37.63363211
     -62.92799297
     -105.3289448
     -337.5680603
     -349.8423076
 -0.0004132634778
  Internal covariance matrix:
   0.0077756895              0              0              0              0              0              0
              0    0.015967206              0              0              0              0              0
              0              0    0.005275623              0              0              0              0
              0              0              0    0.080663412              0              0              0
              0              0              0              0    0.042605413              0              0
              0              0              0              0              0   0.0020867386              0
              0              0              0              0              0              0  0.00047246869
Info in <Minuit2>: MnSeedGenerator run Hesse - new state: 
  Minimum value : -2711.021517
  Edm           : 14338.68612
  Internal parameters:
      1.476474921
     0.6265880358
    -0.9829883987
    0.04844690716
     0.5730094202
    -0.1921607078
    -0.8710973555
  Internal gradient  :
     -24.31852619
     -37.63297623
     -62.92766004
     -105.3297383
     -337.5722716
     -349.8420544
 -5.142651541e-08
  Internal covariance matrix:
   0.0008660203  0.00073937997  0.00041412584     0.02639459   -0.018752393 -0.00053428359 -1.7677554e-15
  0.00073937997   0.0036456195   0.0012829909    0.083195897   -0.059107649  -0.0016840649  8.2274726e-15
  0.00041412584   0.0012829909   0.0011472241    0.046026094    -0.03269986  -0.0009316677  7.7042982e-15
     0.02639459    0.083195897    0.046026094      2.9427719     -2.0890373   -0.059519781  2.9910216e-13
   -0.018752393   -0.059107649    -0.03269986     -2.0890373      1.4864704    0.042172509 -2.0195999e-13
 -0.00053428359  -0.0016840649  -0.0009316677   -0.059519781    0.042172509   0.0013745182 -6.2913228e-15
 -1.7677554e-15  8.2274726e-15  7.7042982e-15  2.9910216e-13 -2.0195999e-13 -6.2913228e-15  3.8229713e-05
Info in <Minuit2>: VariableMetricBuilder Start iterating until Edm is < 0.001 with call limit = 3500
Info in <Minuit2>: VariableMetricBuilder    0 - FCN =      -2711.021517 Edm =       14338.68612 NCalls =    217
Info in <Minuit2>: VariableMetricBuilder    1 - FCN =      -3014.885087 Edm =       265.4646713 NCalls =    250
Info in <Minuit2>: VariableMetricBuilder    2 - FCN =      -3016.070061 Edm =       3.782536769 NCalls =    272
Info in <Minuit2>: VariableMetricBuilder    3 - FCN =      -3026.779315 Edm =      0.3595293288 NCalls =    297
Info in <Minuit2>: VariableMetricBuilder    4 - FCN =      -3028.348997 Edm =      0.5212739896 NCalls =    319
Info in <Minuit2>: VariableMetricBuilder    5 - FCN =      -3030.265614 Edm =     0.01232426908 NCalls =    345
Info in <Minuit2>: VariableMetricBuilder    6 - FCN =      -3030.287844 Edm =   0.0001092050719 NCalls =    361
Info in <Minuit2>: VariableMetricBuilder After Hessian
Info in <Minuit2>: VariableMetricBuilder    7 - FCN =      -3030.287844 Edm =    0.000642273409 NCalls =    419
Minuit2Minimizer : Valid minimum - status = 1
FVAL  = -3030.28784444163375
Edm   = 0.000642273408994445687
Nfcn  = 419
CB_mean	  = 3.35809	 +/-  0.4879	(limited)
CB_sigma	  = 0.474507	 +/-  0.483844	(limited)
a	  = 1.05249	 +/-  5.22472	(limited)
fracCB	  = 1.53321e-08	 +/-  0.673936	(limited)
gaus_mean0	  = 3.5	 +/-  0.000110803	(limited)
gaus_sigma0	  = 0.328098	 +/-  0.0079757	(limited)
signalYield	  = 563.514	 +/-  15.7572	(limited)
Info in <Minuit2>: Minuit2Minimizer::Hesse Using max-calls 3500
Info in <Minuit2>: Minuit2Minimizer::Hesse Hesse is valid - matrix is accurate
RuntimeWarning: MnPosDef Matrix forced pos-def by adding to diagonal 11.3587
RuntimeWarning: MnPosDef Matrix forced pos-def by adding to diagonal 1.2695
RuntimeWarning: Minuit2Minimizer::Minimize Covar was made pos def
RooFit status:            : 1 (should be <2)
Cov. matrix quality status: 3 (should be >=2)
Edm value:                : 0.00013583522738113007 (should be < 0.01)
